(kicad_pcb (version 20171130) (host pcbnew "(5.1.10)-1")

  (general
    (thickness 1.6)
    (drawings 9)
    (tracks 136)
    (zones 0)
    (modules 10)
    (nets 17)
  )

  (page A4)
  (layers
    (0 F.Cu signal)
    (31 B.Cu signal)
    (32 B.Adhes user hide)
    (33 F.Adhes user hide)
    (34 B.Paste user hide)
    (35 F.Paste user hide)
    (36 B.SilkS user)
    (37 F.SilkS user)
    (38 B.Mask user)
    (39 F.Mask user)
    (40 Dwgs.User user hide)
    (41 Cmts.User user hide)
    (42 Eco1.User user hide)
    (43 Eco2.User user hide)
    (44 Edge.Cuts user)
    (45 Margin user hide)
    (46 B.CrtYd user hide)
    (47 F.CrtYd user hide)
    (48 B.Fab user hide)
    (49 F.Fab user hide)
  )

  (setup
    (last_trace_width 0.25)
    (user_trace_width 0.2)
    (trace_clearance 0.15)
    (zone_clearance 0.2)
    (zone_45_only no)
    (trace_min 0.15)
    (via_size 0.4)
    (via_drill 0.2)
    (via_min_size 0.4)
    (via_min_drill 0.2)
    (user_via 0.4 0.2)
    (uvia_size 0.4)
    (uvia_drill 0.2)
    (uvias_allowed no)
    (uvia_min_size 0.4)
    (uvia_min_drill 0.2)
    (edge_width 0.05)
    (segment_width 0.2)
    (pcb_text_width 0.3)
    (pcb_text_size 1.5 1.5)
    (mod_edge_width 0.12)
    (mod_text_size 1 1)
    (mod_text_width 0.15)
    (pad_size 1.524 1.524)
    (pad_drill 0.762)
    (pad_to_mask_clearance 0)
    (aux_axis_origin 0 0)
    (visible_elements 7FFFFFFF)
    (pcbplotparams
      (layerselection 0x010f0_ffffffff)
      (usegerberextensions false)
      (usegerberattributes true)
      (usegerberadvancedattributes true)
      (creategerberjobfile true)
      (excludeedgelayer true)
      (linewidth 0.100000)
      (plotframeref false)
      (viasonmask false)
      (mode 1)
      (useauxorigin false)
      (hpglpennumber 1)
      (hpglpenspeed 20)
      (hpglpendiameter 15.000000)
      (psnegative false)
      (psa4output false)
      (plotreference true)
      (plotvalue true)
      (plotinvisibletext false)
      (padsonsilk false)
      (subtractmaskfromsilk false)
      (outputformat 1)
      (mirror false)
      (drillshape 0)
      (scaleselection 1)
      (outputdirectory "../Gerbers/040 055/"))
  )

  (net 0 "")
  (net 1 GND)
  (net 2 /vcc)
  (net 3 "Net-(J1-PadB8)")
  (net 4 "Net-(J1-PadA5)")
  (net 5 /d-)
  (net 6 /d+)
  (net 7 "Net-(J1-PadA8)")
  (net 8 "Net-(J1-PadB5)")
  (net 9 "Net-(D1-Pad1)")
  (net 10 "Net-(D1-Pad2)")
  (net 11 "Net-(D1-Pad3)")
  (net 12 "Net-(D1-Pad4)")
  (net 13 "Net-(J2-Pad4)")
  (net 14 "Net-(J2-Pad3)")
  (net 15 "Net-(J3-Pad3)")
  (net 16 "Net-(J3-Pad4)")

  (net_class Default "This is the default net class."
    (clearance 0.15)
    (trace_width 0.25)
    (via_dia 0.4)
    (via_drill 0.2)
    (uvia_dia 0.4)
    (uvia_drill 0.2)
    (add_net /d+)
    (add_net /d-)
    (add_net /vcc)
    (add_net GND)
    (add_net "Net-(D1-Pad1)")
    (add_net "Net-(D1-Pad2)")
    (add_net "Net-(D1-Pad3)")
    (add_net "Net-(D1-Pad4)")
    (add_net "Net-(J1-PadA5)")
    (add_net "Net-(J1-PadA8)")
    (add_net "Net-(J1-PadB5)")
    (add_net "Net-(J1-PadB8)")
    (add_net "Net-(J2-Pad3)")
    (add_net "Net-(J2-Pad4)")
    (add_net "Net-(J3-Pad3)")
    (add_net "Net-(J3-Pad4)")
  )

  (module Connector_USB:USB_C_Receptacle_HRO_TYPE-C-31-M-12 (layer B.Cu) (tedit 61181AF8) (tstamp 6115B10C)
    (at 138.6 67.05)
    (descr "USB Type-C receptacle for USB 2.0 and PD, http://www.krhro.com/uploads/soft/180320/1-1P320120243.pdf")
    (tags "usb usb-c 2.0 pd")
    (path /611576E4)
    (attr smd)
    (fp_text reference J1 (at -0.05 0) (layer B.SilkS) hide
      (effects (font (size 1 1) (thickness 0.15)) (justify mirror))
    )
    (fp_text value USB (at 0 0) (layer B.SilkS)
      (effects (font (size 1 1) (thickness 0.15)) (justify mirror))
    )
    (fp_line (start -4.47 3.65) (end 4.47 3.65) (layer B.Fab) (width 0.1))
    (fp_line (start -4.47 3.65) (end -4.47 -3.65) (layer B.Fab) (width 0.1))
    (fp_line (start -4.47 -3.65) (end 4.47 -3.65) (layer B.Fab) (width 0.1))
    (fp_line (start 4.47 3.65) (end 4.47 -3.65) (layer B.Fab) (width 0.1))
    (fp_line (start -5.32 5.27) (end 5.32 5.27) (layer B.CrtYd) (width 0.05))
    (fp_line (start -5.32 -4.15) (end 5.32 -4.15) (layer B.CrtYd) (width 0.05))
    (fp_line (start -5.32 5.27) (end -5.32 -4.15) (layer B.CrtYd) (width 0.05))
    (fp_line (start 5.32 5.27) (end 5.32 -4.15) (layer B.CrtYd) (width 0.05))
    (fp_line (start 4.7 1.9) (end 4.7 -0.1) (layer B.SilkS) (width 0.12))
    (fp_line (start -4.7 1.9) (end -4.7 -0.1) (layer B.SilkS) (width 0.12))
    (fp_text user %R (at 0 0) (layer B.Fab) hide
      (effects (font (size 1 1) (thickness 0.15)) (justify mirror))
    )
    (pad B1 smd rect (at 3.25 4.045) (size 0.6 1.45) (layers B.Cu B.Paste B.Mask)
      (net 1 GND))
    (pad A9 smd rect (at 2.45 4.045) (size 0.6 1.45) (layers B.Cu B.Paste B.Mask)
      (net 2 /vcc))
    (pad B9 smd rect (at -2.45 4.045) (size 0.6 1.45) (layers B.Cu B.Paste B.Mask)
      (net 2 /vcc))
    (pad B12 smd rect (at -3.25 4.045) (size 0.6 1.45) (layers B.Cu B.Paste B.Mask)
      (net 1 GND))
    (pad A1 smd rect (at -3.25 4.045) (size 0.6 1.45) (layers B.Cu B.Paste B.Mask)
      (net 1 GND))
    (pad A4 smd rect (at -2.45 4.045) (size 0.6 1.45) (layers B.Cu B.Paste B.Mask)
      (net 2 /vcc))
    (pad B4 smd rect (at 2.45 4.045) (size 0.6 1.45) (layers B.Cu B.Paste B.Mask)
      (net 2 /vcc))
    (pad A12 smd rect (at 3.25 4.045) (size 0.6 1.45) (layers B.Cu B.Paste B.Mask)
      (net 1 GND))
    (pad B8 smd rect (at -1.75 4.045) (size 0.3 1.45) (layers B.Cu B.Paste B.Mask)
      (net 3 "Net-(J1-PadB8)"))
    (pad A5 smd rect (at -1.25 4.045) (size 0.3 1.45) (layers B.Cu B.Paste B.Mask)
      (net 4 "Net-(J1-PadA5)"))
    (pad B7 smd rect (at -0.75 4.045) (size 0.3 1.45) (layers B.Cu B.Paste B.Mask)
      (net 5 /d-))
    (pad A7 smd rect (at 0.25 4.045) (size 0.3 1.45) (layers B.Cu B.Paste B.Mask)
      (net 5 /d-))
    (pad B6 smd rect (at 0.75 4.045) (size 0.3 1.45) (layers B.Cu B.Paste B.Mask)
      (net 6 /d+))
    (pad A8 smd rect (at 1.25 4.045) (size 0.3 1.45) (layers B.Cu B.Paste B.Mask)
      (net 7 "Net-(J1-PadA8)"))
    (pad B5 smd rect (at 1.75 4.045) (size 0.3 1.45) (layers B.Cu B.Paste B.Mask)
      (net 8 "Net-(J1-PadB5)"))
    (pad A6 smd rect (at -0.25 4.045) (size 0.3 1.45) (layers B.Cu B.Paste B.Mask)
      (net 6 /d+))
    (pad S1 thru_hole oval (at 4.32 3.13) (size 1 2.1) (drill oval 0.6 1.7) (layers *.Cu *.Mask)
      (net 1 GND))
    (pad S1 thru_hole oval (at -4.32 3.13) (size 1 2.1) (drill oval 0.6 1.7) (layers *.Cu *.Mask)
      (net 1 GND))
    (pad "" np_thru_hole circle (at -2.89 2.6) (size 0.65 0.65) (drill 0.65) (layers *.Cu *.Mask))
    (pad S1 thru_hole oval (at -4.32 -1.05) (size 1 1.6) (drill oval 0.6 1.2) (layers *.Cu *.Mask)
      (net 1 GND))
    (pad "" np_thru_hole circle (at 2.89 2.6) (size 0.65 0.65) (drill 0.65) (layers *.Cu *.Mask))
    (pad S1 thru_hole oval (at 4.32 -1.05) (size 1 1.6) (drill oval 0.6 1.2) (layers *.Cu *.Mask)
      (net 1 GND))
    (model ${KISYS3DMOD}/Connector_USB.3dshapes/USB_C_Receptacle_HRO_TYPE-C-31-M-12.wrl
      (at (xyz 0 0 0))
      (scale (xyz 1 1 1))
      (rotate (xyz 0 0 0))
    )
  )

  (module "Molex 503480-1200:503480-1200" (layer F.Cu) (tedit 61181737) (tstamp 611818A9)
    (at 147.3 70 71)
    (path /611823A5)
    (fp_text reference J3 (at 0 0 71) (layer F.SilkS) hide
      (effects (font (size 1 1) (thickness 0.15)))
    )
    (fp_text value 05X (at 0 0 71) (layer F.SilkS)
      (effects (font (size 1 1) (thickness 0.15)))
    )
    (fp_line (start 4.1021 -2.1384) (end -4.1021 -2.1384) (layer F.CrtYd) (width 0.05))
    (fp_line (start 4.1021 2.0574) (end 4.1021 -2.1384) (layer F.CrtYd) (width 0.05))
    (fp_line (start -4.1021 2.0574) (end 4.1021 2.0574) (layer F.CrtYd) (width 0.05))
    (fp_line (start -4.1021 -2.1384) (end -4.1021 2.0574) (layer F.CrtYd) (width 0.05))
    (fp_line (start -3.257345 -1.9304) (end -3.9751 -1.9304) (layer F.SilkS) (width 0.12))
    (fp_line (start -3.8481 -1.8034) (end -3.8481 1.8034) (layer F.Fab) (width 0.1))
    (fp_line (start 3.8481 -1.8034) (end -3.8481 -1.8034) (layer F.Fab) (width 0.1))
    (fp_line (start 3.8481 1.8034) (end 3.8481 -1.8034) (layer F.Fab) (width 0.1))
    (fp_line (start -3.8481 1.8034) (end 3.8481 1.8034) (layer F.Fab) (width 0.1))
    (fp_line (start -3.9751 -1.9304) (end -3.9751 0.414919) (layer F.SilkS) (width 0.12))
    (fp_line (start 3.9751 -1.9304) (end 3.257345 -1.9304) (layer F.SilkS) (width 0.12))
    (fp_line (start 3.9751 0.414919) (end 3.9751 -1.9304) (layer F.SilkS) (width 0.12))
    (fp_line (start -3.1585 1.9304) (end 3.1585 1.9304) (layer F.SilkS) (width 0.12))
    (fp_text user * (at 0 0 71) (layer F.Fab) hide
      (effects (font (size 1 1) (thickness 0.15)))
    )
    (pad 1 smd rect (at -2.75 -1.5034 71) (size 0.3556 0.762) (layers F.Cu F.Paste F.Mask)
      (net 1 GND))
    (pad 2 smd rect (at -2.250001 -1.5034 71) (size 0.3556 0.762) (layers F.Cu F.Paste F.Mask)
      (net 1 GND))
    (pad 3 smd rect (at -1.749999 -1.5034 71) (size 0.3556 0.762) (layers F.Cu F.Paste F.Mask)
      (net 15 "Net-(J3-Pad3)"))
    (pad 4 smd rect (at -1.25 -1.5034 71) (size 0.3556 0.762) (layers F.Cu F.Paste F.Mask)
      (net 16 "Net-(J3-Pad4)"))
    (pad 5 smd rect (at -0.750001 -1.5034 71) (size 0.3556 0.762) (layers F.Cu F.Paste F.Mask)
      (net 1 GND))
    (pad 6 smd rect (at -0.25 -1.5034 71) (size 0.3556 0.762) (layers F.Cu F.Paste F.Mask)
      (net 1 GND))
    (pad 7 smd rect (at 0.25 -1.5034 71) (size 0.3556 0.762) (layers F.Cu F.Paste F.Mask)
      (net 10 "Net-(D1-Pad2)"))
    (pad 8 smd rect (at 0.750001 -1.5034 71) (size 0.3556 0.762) (layers F.Cu F.Paste F.Mask)
      (net 12 "Net-(D1-Pad4)"))
    (pad 9 smd rect (at 1.25 -1.5034 71) (size 0.3556 0.762) (layers F.Cu F.Paste F.Mask)
      (net 11 "Net-(D1-Pad3)"))
    (pad 10 smd rect (at 1.749999 -1.5034 71) (size 0.3556 0.762) (layers F.Cu F.Paste F.Mask)
      (net 9 "Net-(D1-Pad1)"))
    (pad 11 smd rect (at 2.250001 -1.5034 71) (size 0.3556 0.762) (layers F.Cu F.Paste F.Mask)
      (net 2 /vcc))
    (pad 12 smd rect (at 2.75 -1.5034 71) (size 0.3556 0.762) (layers F.Cu F.Paste F.Mask)
      (net 2 /vcc))
    (pad 13 smd rect (at -3.540001 1.1466 71) (size 0.3556 1.0414) (layers F.Cu F.Paste F.Mask))
    (pad 14 smd rect (at 3.540001 1.1466 71) (size 0.3556 1.0414) (layers F.Cu F.Paste F.Mask))
  )

  (module "Molex 503480-1200:503480-1200" (layer F.Cu) (tedit 61159CE3) (tstamp 6115A06F)
    (at 129.75 70 289)
    (path /6115E24D)
    (fp_text reference J2 (at 0.016278 -0.047276 289) (layer F.SilkS) hide
      (effects (font (size 1 1) (thickness 0.15)))
    )
    (fp_text value 040 (at 0 0 289) (layer F.SilkS)
      (effects (font (size 1 1) (thickness 0.15)))
    )
    (fp_line (start -3.1585 1.9304) (end 3.1585 1.9304) (layer F.SilkS) (width 0.12))
    (fp_line (start 3.9751 0.414919) (end 3.9751 -1.9304) (layer F.SilkS) (width 0.12))
    (fp_line (start 3.9751 -1.9304) (end 3.257345 -1.9304) (layer F.SilkS) (width 0.12))
    (fp_line (start -3.9751 -1.9304) (end -3.9751 0.414919) (layer F.SilkS) (width 0.12))
    (fp_line (start -3.8481 1.8034) (end 3.8481 1.8034) (layer F.Fab) (width 0.1))
    (fp_line (start 3.8481 1.8034) (end 3.8481 -1.8034) (layer F.Fab) (width 0.1))
    (fp_line (start 3.8481 -1.8034) (end -3.8481 -1.8034) (layer F.Fab) (width 0.1))
    (fp_line (start -3.8481 -1.8034) (end -3.8481 1.8034) (layer F.Fab) (width 0.1))
    (fp_line (start -3.257345 -1.9304) (end -3.9751 -1.9304) (layer F.SilkS) (width 0.12))
    (fp_line (start -4.1021 -2.1384) (end -4.1021 2.0574) (layer F.CrtYd) (width 0.05))
    (fp_line (start -4.1021 2.0574) (end 4.1021 2.0574) (layer F.CrtYd) (width 0.05))
    (fp_line (start 4.1021 2.0574) (end 4.1021 -2.1384) (layer F.CrtYd) (width 0.05))
    (fp_line (start 4.1021 -2.1384) (end -4.1021 -2.1384) (layer F.CrtYd) (width 0.05))
    (fp_text user * (at 0 0 289) (layer F.Fab) hide
      (effects (font (size 1 1) (thickness 0.15)))
    )
    (pad 14 smd rect (at 3.540001 1.1466 289) (size 0.3556 1.0414) (layers F.Cu F.Paste F.Mask))
    (pad 13 smd rect (at -3.540001 1.1466 289) (size 0.3556 1.0414) (layers F.Cu F.Paste F.Mask))
    (pad 12 smd rect (at 2.75 -1.5034 289) (size 0.3556 0.762) (layers F.Cu F.Paste F.Mask)
      (net 2 /vcc))
    (pad 11 smd rect (at 2.250001 -1.5034 289) (size 0.3556 0.762) (layers F.Cu F.Paste F.Mask)
      (net 2 /vcc))
    (pad 10 smd rect (at 1.749999 -1.5034 289) (size 0.3556 0.762) (layers F.Cu F.Paste F.Mask)
      (net 9 "Net-(D1-Pad1)"))
    (pad 9 smd rect (at 1.25 -1.5034 289) (size 0.3556 0.762) (layers F.Cu F.Paste F.Mask)
      (net 11 "Net-(D1-Pad3)"))
    (pad 8 smd rect (at 0.750001 -1.5034 289) (size 0.3556 0.762) (layers F.Cu F.Paste F.Mask)
      (net 12 "Net-(D1-Pad4)"))
    (pad 7 smd rect (at 0.25 -1.5034 289) (size 0.3556 0.762) (layers F.Cu F.Paste F.Mask)
      (net 10 "Net-(D1-Pad2)"))
    (pad 6 smd rect (at -0.25 -1.5034 289) (size 0.3556 0.762) (layers F.Cu F.Paste F.Mask)
      (net 1 GND))
    (pad 5 smd rect (at -0.750001 -1.5034 289) (size 0.3556 0.762) (layers F.Cu F.Paste F.Mask)
      (net 1 GND))
    (pad 4 smd rect (at -1.25 -1.5034 289) (size 0.3556 0.762) (layers F.Cu F.Paste F.Mask)
      (net 13 "Net-(J2-Pad4)"))
    (pad 3 smd rect (at -1.749999 -1.5034 289) (size 0.3556 0.762) (layers F.Cu F.Paste F.Mask)
      (net 14 "Net-(J2-Pad3)"))
    (pad 2 smd rect (at -2.250001 -1.5034 289) (size 0.3556 0.762) (layers F.Cu F.Paste F.Mask)
      (net 1 GND))
    (pad 1 smd rect (at -2.75 -1.5034 289) (size 0.3556 0.762) (layers F.Cu F.Paste F.Mask)
      (net 1 GND))
  )

  (module Resistor_SMD:R_0603_1608Metric_Pad0.98x0.95mm_HandSolder (layer F.Cu) (tedit 5F68FEEE) (tstamp 61157C8F)
    (at 140.5125 66.1 180)
    (descr "Resistor SMD 0603 (1608 Metric), square (rectangular) end terminal, IPC_7351 nominal with elongated pad for handsoldering. (Body size source: IPC-SM-782 page 72, https://www.pcb-3d.com/wordpress/wp-content/uploads/ipc-sm-782a_amendment_1_and_2.pdf), generated with kicad-footprint-generator")
    (tags "resistor handsolder")
    (path /61160733)
    (attr smd)
    (fp_text reference R2 (at 0 -1.2) (layer F.SilkS)
      (effects (font (size 1 1) (thickness 0.15)))
    )
    (fp_text value 5.1k (at 0 1.43) (layer F.Fab)
      (effects (font (size 1 1) (thickness 0.15)))
    )
    (fp_line (start 1.65 0.73) (end -1.65 0.73) (layer F.CrtYd) (width 0.05))
    (fp_line (start 1.65 -0.73) (end 1.65 0.73) (layer F.CrtYd) (width 0.05))
    (fp_line (start -1.65 -0.73) (end 1.65 -0.73) (layer F.CrtYd) (width 0.05))
    (fp_line (start -1.65 0.73) (end -1.65 -0.73) (layer F.CrtYd) (width 0.05))
    (fp_line (start -0.254724 0.5225) (end 0.254724 0.5225) (layer F.SilkS) (width 0.12))
    (fp_line (start -0.254724 -0.5225) (end 0.254724 -0.5225) (layer F.SilkS) (width 0.12))
    (fp_line (start 0.8 0.4125) (end -0.8 0.4125) (layer F.Fab) (width 0.1))
    (fp_line (start 0.8 -0.4125) (end 0.8 0.4125) (layer F.Fab) (width 0.1))
    (fp_line (start -0.8 -0.4125) (end 0.8 -0.4125) (layer F.Fab) (width 0.1))
    (fp_line (start -0.8 0.4125) (end -0.8 -0.4125) (layer F.Fab) (width 0.1))
    (fp_text user %R (at 7.57 3.67) (layer F.Fab)
      (effects (font (size 0.4 0.4) (thickness 0.06)))
    )
    (pad 2 smd roundrect (at 0.9125 0 180) (size 0.975 0.95) (layers F.Cu F.Paste F.Mask) (roundrect_rratio 0.25)
      (net 8 "Net-(J1-PadB5)"))
    (pad 1 smd roundrect (at -0.9125 0 180) (size 0.975 0.95) (layers F.Cu F.Paste F.Mask) (roundrect_rratio 0.25)
      (net 1 GND))
    (model ${KISYS3DMOD}/Resistor_SMD.3dshapes/R_0603_1608Metric.wrl
      (at (xyz 0 0 0))
      (scale (xyz 1 1 1))
      (rotate (xyz 0 0 0))
    )
  )

  (module Resistor_SMD:R_0603_1608Metric_Pad0.98x0.95mm_HandSolder (layer F.Cu) (tedit 5F68FEEE) (tstamp 61188E02)
    (at 136.6625 66.1 180)
    (descr "Resistor SMD 0603 (1608 Metric), square (rectangular) end terminal, IPC_7351 nominal with elongated pad for handsoldering. (Body size source: IPC-SM-782 page 72, https://www.pcb-3d.com/wordpress/wp-content/uploads/ipc-sm-782a_amendment_1_and_2.pdf), generated with kicad-footprint-generator")
    (tags "resistor handsolder")
    (path /6115F3E6)
    (attr smd)
    (fp_text reference R1 (at 0 -1.2) (layer F.SilkS)
      (effects (font (size 1 1) (thickness 0.15)))
    )
    (fp_text value 5.1k (at 0 1.43) (layer F.Fab)
      (effects (font (size 1 1) (thickness 0.15)))
    )
    (fp_line (start 1.65 0.73) (end -1.65 0.73) (layer F.CrtYd) (width 0.05))
    (fp_line (start 1.65 -0.73) (end 1.65 0.73) (layer F.CrtYd) (width 0.05))
    (fp_line (start -1.65 -0.73) (end 1.65 -0.73) (layer F.CrtYd) (width 0.05))
    (fp_line (start -1.65 0.73) (end -1.65 -0.73) (layer F.CrtYd) (width 0.05))
    (fp_line (start -0.254724 0.5225) (end 0.254724 0.5225) (layer F.SilkS) (width 0.12))
    (fp_line (start -0.254724 -0.5225) (end 0.254724 -0.5225) (layer F.SilkS) (width 0.12))
    (fp_line (start 0.8 0.4125) (end -0.8 0.4125) (layer F.Fab) (width 0.1))
    (fp_line (start 0.8 -0.4125) (end 0.8 0.4125) (layer F.Fab) (width 0.1))
    (fp_line (start -0.8 -0.4125) (end 0.8 -0.4125) (layer F.Fab) (width 0.1))
    (fp_line (start -0.8 0.4125) (end -0.8 -0.4125) (layer F.Fab) (width 0.1))
    (fp_text user %R (at 0 0) (layer F.Fab)
      (effects (font (size 0.4 0.4) (thickness 0.06)))
    )
    (pad 2 smd roundrect (at 0.9125 0 180) (size 0.975 0.95) (layers F.Cu F.Paste F.Mask) (roundrect_rratio 0.25)
      (net 1 GND))
    (pad 1 smd roundrect (at -0.9125 0 180) (size 0.975 0.95) (layers F.Cu F.Paste F.Mask) (roundrect_rratio 0.25)
      (net 4 "Net-(J1-PadA5)"))
    (model ${KISYS3DMOD}/Resistor_SMD.3dshapes/R_0603_1608Metric.wrl
      (at (xyz 0 0 0))
      (scale (xyz 1 1 1))
      (rotate (xyz 0 0 0))
    )
  )

  (module MSL0601RGBU1:LED_MSL0601RGBU1 (layer F.Cu) (tedit 61159A51) (tstamp 6115A04A)
    (at 138.4 84.5)
    (path /61164030)
    (fp_text reference D1 (at 0.5 -1.2) (layer F.Fab) hide
      (effects (font (size 1 1) (thickness 0.15)))
    )
    (fp_text value LED (at 0 1.2) (layer F.SilkS)
      (effects (font (size 1 1) (thickness 0.15)))
    )
    (fp_line (start -1.7 -0.4) (end -1.7 0.4) (layer F.SilkS) (width 0.12))
    (fp_line (start 2 -0.4) (end 2 0.4) (layer F.SilkS) (width 0.12))
    (fp_line (start 2 -0.4) (end 2.2 -0.2) (layer F.SilkS) (width 0.12))
    (fp_line (start -1.7 -0.4) (end -1.9 -0.2) (layer F.SilkS) (width 0.12))
    (pad 1 smd rect (at -1.2 0) (size 0.6 0.85) (layers F.Cu F.Paste F.Mask)
      (net 9 "Net-(D1-Pad1)"))
    (pad 2 smd rect (at -0.3 0) (size 0.6 0.85) (layers F.Cu F.Paste F.Mask)
      (net 10 "Net-(D1-Pad2)"))
    (pad 3 smd rect (at 0.6 0) (size 0.6 0.85) (layers F.Cu F.Paste F.Mask)
      (net 11 "Net-(D1-Pad3)"))
    (pad 4 smd rect (at 1.5 0) (size 0.6 0.85) (layers F.Cu F.Paste F.Mask)
      (net 12 "Net-(D1-Pad4)"))
  )

  (module Resistor_SMD:R_0603_1608Metric_Pad0.98x0.95mm_HandSolder (layer F.Cu) (tedit 5F68FEEE) (tstamp 6118886C)
    (at 133.1375 67.6)
    (descr "Resistor SMD 0603 (1608 Metric), square (rectangular) end terminal, IPC_7351 nominal with elongated pad for handsoldering. (Body size source: IPC-SM-782 page 72, https://www.pcb-3d.com/wordpress/wp-content/uploads/ipc-sm-782a_amendment_1_and_2.pdf), generated with kicad-footprint-generator")
    (tags "resistor handsolder")
    (path /6119D55D)
    (attr smd)
    (fp_text reference R3 (at -0.8875 -1.25) (layer F.SilkS)
      (effects (font (size 1 1) (thickness 0.15)))
    )
    (fp_text value Comp (at 0 1.43) (layer F.Fab)
      (effects (font (size 1 1) (thickness 0.15)))
    )
    (fp_line (start -0.8 0.4125) (end -0.8 -0.4125) (layer F.Fab) (width 0.1))
    (fp_line (start -0.8 -0.4125) (end 0.8 -0.4125) (layer F.Fab) (width 0.1))
    (fp_line (start 0.8 -0.4125) (end 0.8 0.4125) (layer F.Fab) (width 0.1))
    (fp_line (start 0.8 0.4125) (end -0.8 0.4125) (layer F.Fab) (width 0.1))
    (fp_line (start -0.254724 -0.5225) (end 0.254724 -0.5225) (layer F.SilkS) (width 0.12))
    (fp_line (start -0.254724 0.5225) (end 0.254724 0.5225) (layer F.SilkS) (width 0.12))
    (fp_line (start -1.65 0.73) (end -1.65 -0.73) (layer F.CrtYd) (width 0.05))
    (fp_line (start -1.65 -0.73) (end 1.65 -0.73) (layer F.CrtYd) (width 0.05))
    (fp_line (start 1.65 -0.73) (end 1.65 0.73) (layer F.CrtYd) (width 0.05))
    (fp_line (start 1.65 0.73) (end -1.65 0.73) (layer F.CrtYd) (width 0.05))
    (fp_text user %R (at 0 0) (layer F.Fab)
      (effects (font (size 0.4 0.4) (thickness 0.06)))
    )
    (pad 1 smd roundrect (at -0.9125 0) (size 0.975 0.95) (layers F.Cu F.Paste F.Mask) (roundrect_rratio 0.25)
      (net 14 "Net-(J2-Pad3)"))
    (pad 2 smd roundrect (at 0.9125 0) (size 0.975 0.95) (layers F.Cu F.Paste F.Mask) (roundrect_rratio 0.25)
      (net 6 /d+))
    (model ${KISYS3DMOD}/Resistor_SMD.3dshapes/R_0603_1608Metric.wrl
      (at (xyz 0 0 0))
      (scale (xyz 1 1 1))
      (rotate (xyz 0 0 0))
    )
  )

  (module Resistor_SMD:R_0603_1608Metric_Pad0.98x0.95mm_HandSolder (layer F.Cu) (tedit 5F68FEEE) (tstamp 6118887D)
    (at 136.1375 68.55)
    (descr "Resistor SMD 0603 (1608 Metric), square (rectangular) end terminal, IPC_7351 nominal with elongated pad for handsoldering. (Body size source: IPC-SM-782 page 72, https://www.pcb-3d.com/wordpress/wp-content/uploads/ipc-sm-782a_amendment_1_and_2.pdf), generated with kicad-footprint-generator")
    (tags "resistor handsolder")
    (path /6119E5C7)
    (attr smd)
    (fp_text reference R4 (at 0.9125 1.3) (layer F.SilkS)
      (effects (font (size 1 1) (thickness 0.15)))
    )
    (fp_text value Comp (at 0 1.43) (layer F.Fab)
      (effects (font (size 1 1) (thickness 0.15)))
    )
    (fp_line (start 1.65 0.73) (end -1.65 0.73) (layer F.CrtYd) (width 0.05))
    (fp_line (start 1.65 -0.73) (end 1.65 0.73) (layer F.CrtYd) (width 0.05))
    (fp_line (start -1.65 -0.73) (end 1.65 -0.73) (layer F.CrtYd) (width 0.05))
    (fp_line (start -1.65 0.73) (end -1.65 -0.73) (layer F.CrtYd) (width 0.05))
    (fp_line (start -0.254724 0.5225) (end 0.254724 0.5225) (layer F.SilkS) (width 0.12))
    (fp_line (start -0.254724 -0.5225) (end 0.254724 -0.5225) (layer F.SilkS) (width 0.12))
    (fp_line (start 0.8 0.4125) (end -0.8 0.4125) (layer F.Fab) (width 0.1))
    (fp_line (start 0.8 -0.4125) (end 0.8 0.4125) (layer F.Fab) (width 0.1))
    (fp_line (start -0.8 -0.4125) (end 0.8 -0.4125) (layer F.Fab) (width 0.1))
    (fp_line (start -0.8 0.4125) (end -0.8 -0.4125) (layer F.Fab) (width 0.1))
    (fp_text user %R (at 0 0) (layer F.Fab)
      (effects (font (size 0.4 0.4) (thickness 0.06)))
    )
    (pad 2 smd roundrect (at 0.9125 0) (size 0.975 0.95) (layers F.Cu F.Paste F.Mask) (roundrect_rratio 0.25)
      (net 5 /d-))
    (pad 1 smd roundrect (at -0.9125 0) (size 0.975 0.95) (layers F.Cu F.Paste F.Mask) (roundrect_rratio 0.25)
      (net 13 "Net-(J2-Pad4)"))
    (model ${KISYS3DMOD}/Resistor_SMD.3dshapes/R_0603_1608Metric.wrl
      (at (xyz 0 0 0))
      (scale (xyz 1 1 1))
      (rotate (xyz 0 0 0))
    )
  )

  (module Resistor_SMD:R_0603_1608Metric_Pad0.98x0.95mm_HandSolder (layer F.Cu) (tedit 5F68FEEE) (tstamp 6118888E)
    (at 140.2875 71.35 180)
    (descr "Resistor SMD 0603 (1608 Metric), square (rectangular) end terminal, IPC_7351 nominal with elongated pad for handsoldering. (Body size source: IPC-SM-782 page 72, https://www.pcb-3d.com/wordpress/wp-content/uploads/ipc-sm-782a_amendment_1_and_2.pdf), generated with kicad-footprint-generator")
    (tags "resistor handsolder")
    (path /6119EC49)
    (attr smd)
    (fp_text reference R5 (at 0 -1.43) (layer F.SilkS)
      (effects (font (size 1 1) (thickness 0.15)))
    )
    (fp_text value Comp (at 0 1.43) (layer F.Fab)
      (effects (font (size 1 1) (thickness 0.15)))
    )
    (fp_line (start -0.8 0.4125) (end -0.8 -0.4125) (layer F.Fab) (width 0.1))
    (fp_line (start -0.8 -0.4125) (end 0.8 -0.4125) (layer F.Fab) (width 0.1))
    (fp_line (start 0.8 -0.4125) (end 0.8 0.4125) (layer F.Fab) (width 0.1))
    (fp_line (start 0.8 0.4125) (end -0.8 0.4125) (layer F.Fab) (width 0.1))
    (fp_line (start -0.254724 -0.5225) (end 0.254724 -0.5225) (layer F.SilkS) (width 0.12))
    (fp_line (start -0.254724 0.5225) (end 0.254724 0.5225) (layer F.SilkS) (width 0.12))
    (fp_line (start -1.65 0.73) (end -1.65 -0.73) (layer F.CrtYd) (width 0.05))
    (fp_line (start -1.65 -0.73) (end 1.65 -0.73) (layer F.CrtYd) (width 0.05))
    (fp_line (start 1.65 -0.73) (end 1.65 0.73) (layer F.CrtYd) (width 0.05))
    (fp_line (start 1.65 0.73) (end -1.65 0.73) (layer F.CrtYd) (width 0.05))
    (fp_text user %R (at 0 0) (layer F.Fab)
      (effects (font (size 0.4 0.4) (thickness 0.06)))
    )
    (pad 1 smd roundrect (at -0.9125 0 180) (size 0.975 0.95) (layers F.Cu F.Paste F.Mask) (roundrect_rratio 0.25)
      (net 15 "Net-(J3-Pad3)"))
    (pad 2 smd roundrect (at 0.9125 0 180) (size 0.975 0.95) (layers F.Cu F.Paste F.Mask) (roundrect_rratio 0.25)
      (net 6 /d+))
    (model ${KISYS3DMOD}/Resistor_SMD.3dshapes/R_0603_1608Metric.wrl
      (at (xyz 0 0 0))
      (scale (xyz 1 1 1))
      (rotate (xyz 0 0 0))
    )
  )

  (module Resistor_SMD:R_0603_1608Metric_Pad0.98x0.95mm_HandSolder (layer F.Cu) (tedit 5F68FEEE) (tstamp 6118889F)
    (at 140.5125 68.4 180)
    (descr "Resistor SMD 0603 (1608 Metric), square (rectangular) end terminal, IPC_7351 nominal with elongated pad for handsoldering. (Body size source: IPC-SM-782 page 72, https://www.pcb-3d.com/wordpress/wp-content/uploads/ipc-sm-782a_amendment_1_and_2.pdf), generated with kicad-footprint-generator")
    (tags "resistor handsolder")
    (path /6119F4A6)
    (attr smd)
    (fp_text reference R6 (at 0.3625 -1.3) (layer F.SilkS)
      (effects (font (size 1 1) (thickness 0.15)))
    )
    (fp_text value Comp (at 0 1.43) (layer F.Fab)
      (effects (font (size 1 1) (thickness 0.15)))
    )
    (fp_line (start 1.65 0.73) (end -1.65 0.73) (layer F.CrtYd) (width 0.05))
    (fp_line (start 1.65 -0.73) (end 1.65 0.73) (layer F.CrtYd) (width 0.05))
    (fp_line (start -1.65 -0.73) (end 1.65 -0.73) (layer F.CrtYd) (width 0.05))
    (fp_line (start -1.65 0.73) (end -1.65 -0.73) (layer F.CrtYd) (width 0.05))
    (fp_line (start -0.254724 0.5225) (end 0.254724 0.5225) (layer F.SilkS) (width 0.12))
    (fp_line (start -0.254724 -0.5225) (end 0.254724 -0.5225) (layer F.SilkS) (width 0.12))
    (fp_line (start 0.8 0.4125) (end -0.8 0.4125) (layer F.Fab) (width 0.1))
    (fp_line (start 0.8 -0.4125) (end 0.8 0.4125) (layer F.Fab) (width 0.1))
    (fp_line (start -0.8 -0.4125) (end 0.8 -0.4125) (layer F.Fab) (width 0.1))
    (fp_line (start -0.8 0.4125) (end -0.8 -0.4125) (layer F.Fab) (width 0.1))
    (fp_text user %R (at 0 0) (layer F.Fab)
      (effects (font (size 0.4 0.4) (thickness 0.06)))
    )
    (pad 2 smd roundrect (at 0.9125 0 180) (size 0.975 0.95) (layers F.Cu F.Paste F.Mask) (roundrect_rratio 0.25)
      (net 5 /d-))
    (pad 1 smd roundrect (at -0.9125 0 180) (size 0.975 0.95) (layers F.Cu F.Paste F.Mask) (roundrect_rratio 0.25)
      (net 16 "Net-(J3-Pad4)"))
    (model ${KISYS3DMOD}/Resistor_SMD.3dshapes/R_0603_1608Metric.wrl
      (at (xyz 0 0 0))
      (scale (xyz 1 1 1))
      (rotate (xyz 0 0 0))
    )
  )

  (gr_line (start 147.950001 74.8) (end 151.35 64.999999) (layer Edge.Cuts) (width 0.05) (tstamp 611815FA))
  (gr_line (start 147.950001 74.8) (end 142.9 74.8) (layer Edge.Cuts) (width 0.05) (tstamp 611815EC))
  (gr_line (start 134.2 74.800001) (end 134.2 86.5) (layer Edge.Cuts) (width 0.05))
  (gr_line (start 134.2 86.5) (end 142.9 86.5) (layer Edge.Cuts) (width 0.05))
  (gr_line (start 142.9 86.5) (end 142.9 74.8) (layer Edge.Cuts) (width 0.05))
  (gr_line (start 129.149999 74.800001) (end 125.75 65) (layer Edge.Cuts) (width 0.05))
  (gr_line (start 134.2 74.800001) (end 129.149999 74.800001) (layer Edge.Cuts) (width 0.05))
  (gr_circle (center 138.6 79.5) (end 139.8 79.5) (layer Edge.Cuts) (width 0.05))
  (gr_line (start 151.35 64.999999) (end 125.75 65) (layer Edge.Cuts) (width 0.05))

  (via (at 133.248015 72.751985) (size 0.4) (drill 0.2) (layers F.Cu B.Cu) (net 2))
  (segment (start 135.468015 72.751985) (end 133.248015 72.751985) (width 0.25) (layer B.Cu) (net 2))
  (segment (start 136.15 72.07) (end 135.468015 72.751985) (width 0.25) (layer B.Cu) (net 2))
  (segment (start 136.15 71.095) (end 136.15 72.07) (width 0.25) (layer B.Cu) (net 2))
  (segment (start 132.606747 72.110717) (end 132.066805 72.110717) (width 0.25) (layer F.Cu) (net 2))
  (segment (start 132.133989 71.637959) (end 132.848015 72.351985) (width 0.25) (layer F.Cu) (net 2))
  (segment (start 131.904021 71.637959) (end 132.133989 71.637959) (width 0.25) (layer F.Cu) (net 2))
  (segment (start 132.848015 72.351985) (end 132.606747 72.110717) (width 0.25) (layer F.Cu) (net 2))
  (segment (start 133.248015 72.751985) (end 132.848015 72.351985) (width 0.25) (layer F.Cu) (net 2))
  (segment (start 140.063017 72.751985) (end 135.468015 72.751985) (width 0.25) (layer B.Cu) (net 2))
  (segment (start 141.05 71.765002) (end 140.063017 72.751985) (width 0.25) (layer B.Cu) (net 2))
  (segment (start 141.05 71.095) (end 141.05 71.765002) (width 0.25) (layer B.Cu) (net 2))
  (segment (start 144.82499 67.07501) (end 145.3 66.6) (width 0.25) (layer B.Cu) (net 2))
  (via (at 145.3 66.6) (size 0.4) (drill 0.2) (layers F.Cu B.Cu) (net 2))
  (segment (start 143.176988 67.07501) (end 144.82499 67.07501) (width 0.25) (layer B.Cu) (net 2))
  (segment (start 140.889999 69.361999) (end 143.176988 67.07501) (width 0.25) (layer B.Cu) (net 2))
  (segment (start 140.889999 70.934999) (end 140.889999 69.361999) (width 0.25) (layer B.Cu) (net 2))
  (segment (start 141.05 71.095) (end 140.889999 70.934999) (width 0.25) (layer B.Cu) (net 2))
  (segment (start 146.463455 66.6) (end 146.77382 66.910365) (width 0.25) (layer F.Cu) (net 2))
  (segment (start 145.827913 66.6) (end 145.7 66.6) (width 0.25) (layer F.Cu) (net 2))
  (segment (start 146.611036 67.383123) (end 145.827913 66.6) (width 0.25) (layer F.Cu) (net 2))
  (segment (start 145.7 66.6) (end 146.463455 66.6) (width 0.25) (layer F.Cu) (net 2))
  (segment (start 145.3 66.6) (end 145.7 66.6) (width 0.25) (layer F.Cu) (net 2))
  (via (at 137.5 67.1) (size 0.4) (drill 0.2) (layers F.Cu B.Cu) (net 4))
  (segment (start 137.35 67.25) (end 137.5 67.1) (width 0.25) (layer B.Cu) (net 4))
  (segment (start 137.35 71.095) (end 137.35 67.25) (width 0.25) (layer B.Cu) (net 4))
  (segment (start 137.5 66.175) (end 137.575 66.1) (width 0.25) (layer F.Cu) (net 4))
  (segment (start 137.5 67.1) (end 137.5 66.175) (width 0.25) (layer F.Cu) (net 4))
  (segment (start 138.85 71.965002) (end 138.85 71.095) (width 0.25) (layer B.Cu) (net 5))
  (segment (start 138.720001 72.095001) (end 138.85 71.965002) (width 0.25) (layer B.Cu) (net 5))
  (segment (start 137.875001 72.095001) (end 138.720001 72.095001) (width 0.25) (layer B.Cu) (net 5))
  (segment (start 137.85 72.07) (end 137.875001 72.095001) (width 0.25) (layer B.Cu) (net 5))
  (segment (start 137.85 71.095) (end 137.85 72.07) (width 0.25) (layer B.Cu) (net 5))
  (via (at 137.825 69.7) (size 0.4) (drill 0.2) (layers F.Cu B.Cu) (net 5))
  (segment (start 137.85 69.725) (end 137.825 69.7) (width 0.25) (layer B.Cu) (net 5))
  (segment (start 137.85 71.095) (end 137.85 69.725) (width 0.25) (layer B.Cu) (net 5))
  (segment (start 138.3 69.7) (end 139.6 68.4) (width 0.25) (layer F.Cu) (net 5))
  (segment (start 137.825 69.7) (end 138.3 69.7) (width 0.25) (layer F.Cu) (net 5))
  (segment (start 137.05 68.925) (end 137.05 68.55) (width 0.25) (layer F.Cu) (net 5))
  (segment (start 137.825 69.7) (end 137.05 68.925) (width 0.25) (layer F.Cu) (net 5))
  (segment (start 139.35 70.224998) (end 139.35 71.095) (width 0.25) (layer B.Cu) (net 6))
  (segment (start 139.220001 70.094999) (end 139.35 70.224998) (width 0.25) (layer B.Cu) (net 6))
  (segment (start 138.35 70.224998) (end 138.479999 70.094999) (width 0.25) (layer B.Cu) (net 6))
  (segment (start 138.35 71.095) (end 138.35 70.224998) (width 0.25) (layer B.Cu) (net 6))
  (segment (start 138.805001 69.905001) (end 138 69.1) (width 0.25) (layer B.Cu) (net 6))
  (segment (start 138.805001 70.094999) (end 138.805001 69.905001) (width 0.25) (layer B.Cu) (net 6))
  (segment (start 138.479999 70.094999) (end 138.805001 70.094999) (width 0.25) (layer B.Cu) (net 6))
  (via (at 138 69.1) (size 0.4) (drill 0.2) (layers F.Cu B.Cu) (net 6))
  (segment (start 138.805001 70.094999) (end 139.220001 70.094999) (width 0.25) (layer B.Cu) (net 6))
  (via (at 139.35 72.25) (size 0.4) (drill 0.2) (layers F.Cu B.Cu) (net 6))
  (segment (start 139.35 71.095) (end 139.35 72.25) (width 0.25) (layer B.Cu) (net 6))
  (segment (start 139.35 71.375) (end 139.375 71.35) (width 0.25) (layer F.Cu) (net 6))
  (segment (start 139.35 72.25) (end 139.35 71.375) (width 0.25) (layer F.Cu) (net 6))
  (segment (start 138 68.2877) (end 138 69.1) (width 0.25) (layer F.Cu) (net 6))
  (segment (start 137.3123 67.6) (end 138 68.2877) (width 0.25) (layer F.Cu) (net 6))
  (segment (start 134.05 67.6) (end 137.3123 67.6) (width 0.25) (layer F.Cu) (net 6))
  (via (at 139.7 67.2) (size 0.4) (drill 0.2) (layers F.Cu B.Cu) (net 8))
  (segment (start 140.35 67.85) (end 139.7 67.2) (width 0.25) (layer B.Cu) (net 8))
  (segment (start 140.35 71.095) (end 140.35 67.85) (width 0.25) (layer B.Cu) (net 8))
  (segment (start 139.7 66.2) (end 139.6 66.1) (width 0.25) (layer F.Cu) (net 8))
  (segment (start 139.7 67.2) (end 139.7 66.2) (width 0.25) (layer F.Cu) (net 8))
  (segment (start 136.69999 83.99999) (end 137.2 84.5) (width 0.25) (layer F.Cu) (net 9))
  (segment (start 136.69999 75.450492) (end 136.69999 83.99999) (width 0.25) (layer F.Cu) (net 9))
  (segment (start 132.320292 71.070794) (end 136.69999 75.450492) (width 0.25) (layer F.Cu) (net 9))
  (segment (start 132.051222 71.070794) (end 132.320292 71.070794) (width 0.25) (layer F.Cu) (net 9))
  (via (at 136.313901 75.09738) (size 0.4) (drill 0.2) (layers F.Cu B.Cu) (net 9))
  (segment (start 139.648649 75.09738) (end 143.9 70.846029) (width 0.25) (layer B.Cu) (net 9))
  (segment (start 136.313901 75.09738) (end 139.648649 75.09738) (width 0.25) (layer B.Cu) (net 9))
  (via (at 145.5 67.55) (size 0.4) (drill 0.2) (layers F.Cu B.Cu) (net 9))
  (segment (start 143.9 69.15) (end 145.5 67.55) (width 0.25) (layer B.Cu) (net 9))
  (segment (start 143.9 70.846029) (end 143.9 69.15) (width 0.25) (layer B.Cu) (net 9))
  (segment (start 145.926789 67.55) (end 146.138267 67.761478) (width 0.25) (layer F.Cu) (net 9))
  (segment (start 145.5 67.55) (end 145.926789 67.55) (width 0.25) (layer F.Cu) (net 9))
  (segment (start 137.720001 85.200001) (end 138.1 84.820002) (width 0.25) (layer F.Cu) (net 10))
  (segment (start 138.1 84.820002) (end 138.1 84.5) (width 0.25) (layer F.Cu) (net 10))
  (segment (start 136.29998 84.819982) (end 136.679999 85.200001) (width 0.25) (layer F.Cu) (net 10))
  (segment (start 136.29998 76.475703) (end 136.29998 84.819982) (width 0.25) (layer F.Cu) (net 10))
  (segment (start 131.650534 72.677882) (end 132.502159 72.677882) (width 0.25) (layer F.Cu) (net 10))
  (segment (start 136.679999 85.200001) (end 137.720001 85.200001) (width 0.25) (layer F.Cu) (net 10))
  (segment (start 130.72253 71.749878) (end 131.650534 72.677882) (width 0.25) (layer F.Cu) (net 10))
  (segment (start 130.72253 70.061696) (end 130.72253 71.749878) (width 0.25) (layer F.Cu) (net 10))
  (segment (start 132.502159 72.677882) (end 136.29998 76.475703) (width 0.25) (layer F.Cu) (net 10))
  (segment (start 130.9429 69.841326) (end 130.72253 70.061696) (width 0.25) (layer F.Cu) (net 10))
  (via (at 146.7 69.55) (size 0.4) (drill 0.2) (layers F.Cu B.Cu) (net 10))
  (segment (start 146.351319 69.45) (end 146.269885 69.368566) (width 0.25) (layer F.Cu) (net 10))
  (segment (start 146.6 69.45) (end 146.351319 69.45) (width 0.25) (layer F.Cu) (net 10))
  (segment (start 146.7 69.55) (end 146.6 69.45) (width 0.25) (layer F.Cu) (net 10))
  (via (at 136.22499 76.475703) (size 0.4) (drill 0.2) (layers F.Cu B.Cu) (net 10))
  (segment (start 136.29998 76.475703) (end 136.22499 76.475703) (width 0.25) (layer F.Cu) (net 10))
  (segment (start 142.775732 73.474268) (end 146.7 69.55) (width 0.25) (layer B.Cu) (net 10))
  (segment (start 142.775732 74.49999) (end 142.775732 73.474268) (width 0.25) (layer B.Cu) (net 10))
  (segment (start 140.800019 76.475703) (end 142.775732 74.49999) (width 0.25) (layer B.Cu) (net 10))
  (segment (start 136.22499 76.475703) (end 140.800019 76.475703) (width 0.25) (layer B.Cu) (net 10))
  (segment (start 137.1 80.130259) (end 137.1 75.211727) (width 0.25) (layer F.Cu) (net 11))
  (segment (start 131.986474 70.5) (end 131.888442 70.598032) (width 0.25) (layer F.Cu) (net 11))
  (segment (start 132.388273 70.5) (end 131.986474 70.5) (width 0.25) (layer F.Cu) (net 11))
  (segment (start 137.1 75.211727) (end 132.388273 70.5) (width 0.25) (layer F.Cu) (net 11))
  (segment (start 139 82.030259) (end 139 84.5) (width 0.25) (layer F.Cu) (net 11))
  (segment (start 137.1 80.130259) (end 139 82.030259) (width 0.25) (layer F.Cu) (net 11))
  (segment (start 137.1 75.211727) (end 137.1 75.661584) (width 0.25) (layer F.Cu) (net 11))
  (via (at 137.25 75.65) (size 0.4) (drill 0.2) (layers F.Cu B.Cu) (net 11))
  (segment (start 137.238416 75.661584) (end 137.25 75.65) (width 0.25) (layer F.Cu) (net 11))
  (segment (start 137.1 75.661584) (end 137.238416 75.661584) (width 0.25) (layer F.Cu) (net 11))
  (via (at 145.560876 68.160876) (size 0.4) (drill 0.2) (layers F.Cu B.Cu) (net 11))
  (segment (start 145.560876 69.750852) (end 145.560876 68.160876) (width 0.25) (layer B.Cu) (net 11))
  (segment (start 139.661728 75.65) (end 145.560876 69.750852) (width 0.25) (layer B.Cu) (net 11))
  (segment (start 137.25 75.65) (end 139.661728 75.65) (width 0.25) (layer B.Cu) (net 11))
  (segment (start 145.902119 68.160876) (end 145.975479 68.234236) (width 0.25) (layer F.Cu) (net 11))
  (segment (start 145.560876 68.160876) (end 145.902119 68.160876) (width 0.25) (layer F.Cu) (net 11))
  (segment (start 131.750929 70.1) (end 131.725655 70.125274) (width 0.25) (layer F.Cu) (net 12))
  (segment (start 132.553971 70.1) (end 131.750929 70.1) (width 0.25) (layer F.Cu) (net 12))
  (segment (start 140 84.5) (end 140.100927 84.399073) (width 0.25) (layer F.Cu) (net 12))
  (segment (start 140.100927 84.299073) (end 139.9 84.5) (width 0.25) (layer F.Cu) (net 12))
  (segment (start 140.100927 77.646956) (end 140.100927 84.299073) (width 0.25) (layer F.Cu) (net 12))
  (segment (start 132.553971 70.1) (end 140.100927 77.646956) (width 0.25) (layer F.Cu) (net 12))
  (segment (start 146.701739 68.895808) (end 146.43267 68.895808) (width 0.25) (layer F.Cu) (net 12))
  (segment (start 146.725275 68.872272) (end 146.701739 68.895808) (width 0.25) (layer F.Cu) (net 12))
  (segment (start 147.175001 69.321999) (end 146.725275 68.872272) (width 0.25) (layer F.Cu) (net 12))
  (segment (start 147.175001 70.902347) (end 147.175001 69.321999) (width 0.25) (layer F.Cu) (net 12))
  (segment (start 145.399466 72.677882) (end 147.175001 70.902347) (width 0.25) (layer F.Cu) (net 12))
  (segment (start 144.59784 72.677882) (end 145.399466 72.677882) (width 0.25) (layer F.Cu) (net 12))
  (segment (start 140.100927 77.174795) (end 144.59784 72.677882) (width 0.25) (layer F.Cu) (net 12))
  (segment (start 140.100927 77.646956) (end 140.100927 77.174795) (width 0.25) (layer F.Cu) (net 12))
  (segment (start 131.343587 68.234236) (end 131.074521 68.234236) (width 0.25) (layer F.Cu) (net 13))
  (segment (start 131.659351 68.55) (end 131.343587 68.234236) (width 0.25) (layer F.Cu) (net 13))
  (segment (start 135.225 68.55) (end 131.659351 68.55) (width 0.25) (layer F.Cu) (net 13))
  (segment (start 131.073211 67.6) (end 130.911733 67.761478) (width 0.25) (layer F.Cu) (net 14))
  (segment (start 132.225 67.6) (end 131.073211 67.6) (width 0.25) (layer F.Cu) (net 14))
